'input_x_y': 
       [[ 0.4200627 ,  0.0167364 ],
       [ 0.55172414,  0.85774059],
       [ 0.51410658,  0.19665272],
       [ 0.04075235,  0.93305439],
       [ 0.53605016,  0.18828452],
       [ 0.38871473,  0.71129707],
       [ 0.56112853,  0.51464435],
       [ 0.86833856,  0.70292887],
       [ 0.80564263,  0.86610879],
       [ 0.5799373 ,  0.82008368],
       [ 0.31034483,  0.67782427],
       [ 0.45768025,  0.28033473],
       [ 0.85266458,  0.74895397],
       [ 0.27586207,  0.71966527],
       [ 0.32915361,  0.57322176],
       [ 0.88087774,  0.91631799],
       [ 0.88714734,  0.41841004],
       [ 0.40438871,  0.53138075],
       [ 0.04702194,  0.11715481],
       [ 0.12539185,  0.30125523],
       [ 0.40125392,  0.80334728],
       [ 0.34169279,  0.42259414],
       [ 0.17868339,  0.75313808],
       [ 0.35423197,  0.43933054],
       [ 0.68652038,  0.80753138],
       [ 0.71159875,  0.74476987],
       [ 0.04075235,  0.37238494],
       [ 0.53605016,  0.45188285],
       [ 0.71473354,  0.94142259],
       [ 0.80564263,  0.61924686],
       [ 0.26332288,  0.11297071],
       [ 0.79310345,  0.28033473],
       [ 0.28840125,  0.65690377],
       [ 0.45454545,  0.63179916],
       [ 0.29153605,  0.13807531],
       [ 0.67398119,  0.20920502],
       [ 0.69278997,  0.62761506],
       [ 0.04702194,  0.10460251],
       [ 0.46394984,  0.82008368],
       [ 0.84012539,  0.38912134],
       [ 0.13479624,  0.26778243],
       [ 0.70846395,  0.47698745],
       [ 0.92163009,  0.86610879],
       [ 0.94670846,  0.94142259],
       [ 0.80250784,  0.37656904],
       [ 0.75862069,  0.49372385],
       [ 0.60815047,  0.57740586],
       [ 0.45454545,  0.82008368],
       [ 0.46081505,  0.67364017],
       [ 0.58934169,  0.16736402],
       [ 0.65517241,  0.10878661],
       [ 0.92163009,  0.20083682],
       [ 0.90909091,  0.65690377],
       [ 0.82758621,  0.62761506],
       [ 0.13793103,  0.76150628],
       [ 0.37931034,  0.09205021],
       [ 0.49529781,  0.42259414],
       [ 0.29780564,  0.53974895],
       [ 0.84326019,  0.31380753],
       [ 0.44200627,  0.55648536],
       [ 0.10658307,  0.10460251],
       [ 0.09717868,  0.91213389],
       [ 0.05642633,  0.53974895],
       [ 0.57680251,  0.30962343],
       [ 0.37617555,  0.94560669],
       [ 0.53605016,  0.37238494],
       [ 0.15673981,  0.79497908],
       [ 0.53291536,  0.24267782],
       [ 0.90909091,  0.9748954 ],
       [ 0.49216301,  0.38912134],
       [ 0.32601881,  0.15062762],
       [ 0.19122257,  0.79916318],
       [ 0.81818182,  0.16736402],
       [ 0.84952978,  0.92050209],
       [ 0.19435737,  0.25941423],
       [ 0.62695925,  0.79079498],
       [ 0.10031348,  0.84100418],
       [ 0.03761755,  0.85355649],
       [ 0.42633229,  0.84100418],
       [ 0.2539185 ,  0.15899582],
       [ 0.45768025,  0.69456067],
       [ 0.45141066,  0.59414226],
       [ 0.21316614,  0.50627615],
       [ 0.35736677,  0.12970711],
       [ 0.40752351,  0.78661088],
       [ 0.26332288,  0.19665272],
       [ 0.77742947,  0.24686192],
       [ 0.39184953,  0.09623431],
       [ 0.82445141,  0.45188285],
       [ 0.31347962,  0.61506276],
       [ 0.05956113,  0.51464435],
       [ 0.0815047 ,  0.20920502],
       [ 0.87460815,  0.77824268],
       [ 0.32288401,  0.83682008],
       [ 0.59874608,  0.70292887],
       [ 0.18181818,  0.22175732],
       [ 0.09090909,  0.18410042],
       [ 0.09404389,  0.66527197],
       [ 0.20376176,  0.70711297],
       [ 0.95297806,  0.71129707],
       [ 0.70532915,  0.88284519],
       [ 0.71473354,  0.23430962],
       [ 0.34796238,  0.21338912],
       [ 0.3322884 ,  0.93723849],
       [ 0.55172414,  0.94979079],
       [ 0.15673981,  0.54811715],
       [ 0.8369906 ,  0.15481172],
       [ 0.51097179,  0.47698745],
       [ 0.34796238,  0.33054393],
       [ 0.2476489 ,  0.62343096],
       [ 0.45454545,  0.58158996],
       [ 0.19749216,  0.39748954],
       [ 0.9184953 ,  0.92050209],
       [ 0.92476489,  0.93723849],
       [ 0.15673981,  0.92050209],
       [ 0.18181818,  0.17991632],
       [ 0.44200627,  0.36820084],
       [ 0.84639498,  0.45606695],
       [ 0.830721  ,  0.18828452],
       [ 0.72100313,  0.23012552],
       [ 0.63009404,  0.10878661],
       [ 0.5015674 ,  0.09623431],
       [ 0.28213166,  0.50627615],
       [ 0.68965517,  0.34728033],
       [ 0.90909091,  0.74058577],
       [ 0.21630094,  0.61924686],
       [ 0.57366771,  0.54811715],
       [ 0.55485893,  0.25523013],
       [ 0.10658307,  0.86192469],
       [ 0.09090909,  0.50627615],
       [ 0.26332288,  0.39330544],
       [ 0.45141066,  0.49790795],
       [ 0.80877743,  0.61506276],
       [ 0.12852665,  0.47698745],
       [ 0.0846395 ,  0.24267782],
       [ 0.10344828,  0.80753138],
       [ 0.62068966,  0.61506276],
       [ 0.0815047 ,  0.57740586],
       [ 0.8338558 ,  0.34309623],
       [ 0.35736677,  0.81589958],
       [ 0.76175549,  0.12970711],
       [ 0.73040752,  0.85774059],
       [ 0.92163009,  0.84937238],
       [ 0.79310345,  0.63179916],
       [ 0.36363636,  0.78661088],
       [ 0.3354232 ,  0.42259414],
       [ 0.33855799,  0.75732218],
       [ 0.02821317,  0.68619247],
       [ 0.67711599,  0.11297071],
       [ 0.89341693,  0.46861925]]

'output_pitch_roll': 
       [[ 0.        ,  0.40613724],
       [ 0.83143498,  0.34296038],
       [ 0.17995443,  0.34837549],
       [ 1.        ,  1.        ],
       [ 0.18906596,  0.32490973],
       [ 0.7084283 ,  0.5144403 ],
       [ 0.5056947 ,  0.32490973],
       [ 0.56492034,  0.06859196],
       [ 0.76993147,  0.12815874],
       [ 0.75398629,  0.33754499],
       [ 0.64464691,  0.56137182],
       [ 0.23690218,  0.39711177],
       [ 0.63781326,  0.11732852],
       [ 0.74715265,  0.63718421],
       [ 0.53302964,  0.55234663],
       [ 0.83143498,  0.06678693],
       [ 0.37129827,  0.07761715],
       [ 0.53302964,  0.46028891],
       [ 0.16856502,  0.76353792],
       [ 0.37813191,  0.68411545],
       [ 0.72209559,  0.50722015],
       [ 0.42141237,  0.51624561],
       [ 0.7653757 ,  0.7725631 ],
       [ 0.39635532,  0.5144403 ],
       [ 0.7084283 ,  0.23285201],
       [ 0.61731197,  0.21480136],
       [ 0.37585403,  0.87184126],
       [ 0.41685661,  0.33212988],
       [ 0.91343943,  0.21841143],
       [ 0.52619564,  0.13898925],
       [ 0.0637814 ,  0.570397  ],
       [ 0.24601371,  0.16425976],
       [ 0.6264235 ,  0.6064983 ],
       [ 0.59908856,  0.4494584 ],
       [ 0.1708429 ,  0.49638993],
       [ 0.19362172,  0.25992784],
       [ 0.41913449,  0.22021647],
       [ 0.04783587,  0.75631777],
       [ 0.76993147,  0.42418761],
       [ 0.19817784,  0.1209386 ],
       [ 0.23690218,  0.68953084],
       [ 0.42141237,  0.2274369 ],
       [ 0.61958985,  0.02346576],
       [ 0.79043276,  0.        ],
       [ 0.21184513,  0.14620939],
       [ 0.35990886,  0.19855603],
       [ 0.50797259,  0.28339332],
       [ 0.78132123,  0.45667855],
       [ 0.57175398,  0.43140804],
       [ 0.1708429 ,  0.28880871],
       [ 0.11389515,  0.26173288],
       [ 0.10933939,  0.04873628],
       [ 0.57858763,  0.04873628],
       [ 0.50797259,  0.1209386 ],
       [ 0.76993147,  0.77617346],
       [ 0.0637814 ,  0.44404329],
       [ 0.38496591,  0.37725637],
       [ 0.48974953,  0.55595671],
       [ 0.21412301,  0.12996378],
       [ 0.48519341,  0.429603  ],
       [ 0.16628714,  0.71480136],
       [ 0.94533013,  0.8790614 ],
       [ 0.52619564,  0.88086644],
       [ 0.29612746,  0.2978339 ],
       [ 0.94533013,  0.53971109],
       [ 0.33712968,  0.35018053],
       [ 0.76765358,  0.76534295],
       [ 0.19362172,  0.33573996],
       [ 0.91343943,  0.070397  ],
       [ 0.33712968,  0.37545133],
       [ 0.16628714,  0.49277985],
       [ 0.83371286,  0.7527077 ],
       [ 0.08428233,  0.16425976],
       [ 0.80410005,  0.10469298],
       [ 0.24601371,  0.61010838],
       [ 0.61958985,  0.27797821],
       [ 0.80865581,  0.86281607],
       [ 0.91343943,  0.99277985],
       [ 0.81776734,  0.48375439],
       [ 0.25740312,  0.53429598],
       [ 0.68792701,  0.42418761],
       [ 0.52619564,  0.43140804],
       [ 0.52163988,  0.65162451],
       [ 0.18223231,  0.45848387],
       [ 0.71298407,  0.4747292 ],
       [ 0.26651464,  0.54873656],
       [ 0.17995443,  0.18953056],
       [ 0.07289292,  0.43321307],
       [ 0.32346239,  0.15162451],
       [ 0.61503409,  0.56678693],
       [ 0.48519341,  0.86101075],
       [ 0.26423676,  0.75451273],
       [ 0.69703854,  0.06678693],
       [ 0.75854206,  0.57942247],
       [ 0.64009114,  0.30685908],
       [ 0.26651464,  0.65162451],
       [ 0.24601371,  0.73826712],
       [ 0.66059208,  0.84296038],
       [ 0.7084283 ,  0.70577617],
       [ 0.58314339,  0.        ],
       [ 0.81776734,  0.22202151],
       [ 0.23462394,  0.21299632],
       [ 0.1958996 ,  0.47292417],
       [ 1.        ,  0.6064983 ],
       [ 0.94305225,  0.35559564],
       [ 0.52619564,  0.72202179],
       [ 0.08656021,  0.13176882],
       [ 0.40546685,  0.38086644],
       [ 0.35535309,  0.47833928],
       [ 0.63325714,  0.66245501],
       [ 0.49202741,  0.42057753],
       [ 0.40318896,  0.64981947],
       [ 0.81548945,  0.0451262 ],
       [ 0.8291571 ,  0.03610102],
       [ 1.        ,  0.81407951],
       [ 0.24601371,  0.60108319],
       [ 0.32346239,  0.41335739],
       [ 0.33712968,  0.11191341],
       [ 0.06833716,  0.11191341],
       [ 0.16628714,  0.2166064 ],
       [ 0.14350797,  0.26714799],
       [ 0.07289292,  0.35559564],
       [ 0.47152612,  0.5812275 ],
       [ 0.34396368,  0.2274369 ],
       [ 0.64236903,  0.04151613],
       [ 0.57175398,  0.67328523],
       [ 0.52619564,  0.3231047 ],
       [ 0.28246017,  0.32851981],
       [ 0.87015932,  0.87184126],
       [ 0.51480623,  0.80505433],
       [ 0.38040979,  0.56859196],
       [ 0.48974953,  0.42238257],
       [ 0.48974953,  0.13537889],
       [ 0.51936199,  0.75090266],
       [ 0.24373583,  0.75992784],
       [ 0.81093369,  0.85740068],
       [ 0.54669693,  0.30144397],
       [ 0.58314339,  0.84837549],
       [ 0.28246017,  0.13176882],
       [ 0.78132123,  0.55776174],
       [ 0.07289292,  0.20758121],
       [ 0.76309782,  0.20758121],
       [ 0.7084283 ,  0.03249095],
       [ 0.48291553,  0.15884465],
       [ 0.75398629,  0.55776174],
       [ 0.41685661,  0.52707583],
       [ 0.73576289,  0.56498189],
       [ 0.74259653,  0.98736474],
       [ 0.12756279,  0.25451273],
       [ 0.3986332 ,  0.06859196]]
